78  297  1
305  176  -1
129  271  1
334  133  1
218  165  -1
62  105  1
119  256  1
323  283  1
94  82  1
266  132  -1
186  156  1
13  91  1
158  292  -1
118  329  -1
234  65  1
13  312  -1
0  307  1
127  129  1
227  110  -1
252  84  -1
264  314  1
178  21  1
219  151  1
305  302  1
222  209  -1
83  46  -1
14  96  1
138  162  1
26  245  1
140  260  -1
310  142  -1
211  310  1
99  338  1
89  315  -1
86  330  1
37  339  -1
293  216  -1
9  161  -1
5  303  -1
102  227  -1
151  185  1
273  154  -1
282  49  -1
316  308  1
295  95  -1
207  254  1
226  67  1
203  314  1
43  281  -1
268  118  -1
260  305  1
106  202  1
170  104  1
1  175  -1
57  103  -1
40  197  1
289  303  1
0  209  1
1  306  -1
155  285  1
39  11  1
178  265  -1
67  30  -1
229  110  -1
311  135  1
228  209  -1
89  323  -1
49  249  -1
77  50  -1
62  123  1
143  92  1
320  70  1
44  309  1
268  34  1
264  72  1
320  303  1
84  147  1
207  140  -1
166  85  1
251  115  1
209  117  1
324  298  1
79  22  -1
185  156  -1
61  237  -1
268  193  1
329  237  1
263  22  1
195  180  -1
56  98  -1
253  25  -1
50  326  1
161  246  -1
115  327  1
320  4  1
91  178  1
111  64  1
115  190  -1
75  300  -1
335  137  1
186  252  1
330  164  -1
127  232  -1
175  311  1
61  232  1
58  303  1
246  98  1
267  57  -1
344  21  -1
33  314  -1
25  114  1
141  125  1
167  256  1
315  243  1
195  288  1
18  30  1
189  348  1
184  316  -1
229  8  1
277  280  1
229  324  1
221  125  1
71  127  -1
171  65  -1
148  193  -1
17  162  1
307  147  1
288  113  1
53  241  -1
5  237  -1
179  23  -1
256  6  1
9  89  1
312  228  -1
87  227  -1
157  305  1
200  16  -1
68  272  1
143  239  1
326  291  1
71  332  -1
92  16  1
128  29  1
129  170  -1
259  134  -1
56  87  -1
146  313  -1
94  156  -1
40  44  1
33  116  1
271  179  1
71  120  1
184  139  -1
30  328  1
17  345  -1
257  88  1
326  338  1
104  93  1
16  234  -1
263  276  1
6  309  1
1  153  -1
271  84  1
298  300  1
128  320  -1
66  37  -1
137  158  -1
321  276  1
177  287  1
293  161  1
183  19  -1
125  170  -1
124  218  1
176  347  -1
120  90  -1
2  78  1
80  144  -1
338  165  1
80  287  1
282  49  -1
2  320  1
186  128  1
116  146  1
54  282  1
82  336  1
92  254  1
5  218  1
63  118  1
85  239  -1
114  194  1
329  105  1
272  47  -1
239  259  1
212  319  -1
196  133  -1
7  187  -1
91  182  1
316  196  -1
328  19  -1
127  49  -1
344  209  1
303  338  1
76  15  -1
94  150  -1
243  197  1
345  210  -1
303  255  1
258  180  -1
164  108  1
148  9  1
241  155  1
196  321  -1
327  150  -1
155  304  1
158  283  -1
2  152  -1
130  295  -1
128  195  -1
299  223  1
334  192  -1
58  317  1
40  10  1
222  298  -1
179  35  -1
56  328  1
33  286  -1
121  218  -1
246  97  -1
18  50  1
40  176  -1
322  31  -1
317  101  1
315  95  -1
285  264  1
307  269  1
94  14  1
235  134  -1
14  106  -1
71  193  -1
141  127  1
159  163  1
51  270  -1
31  297  -1
5  38  -1
337  45  -1
214  308  -1
66  170  -1
48  30  1
265  333  1
294  210  -1
251  26  1
213  136  -1
150  216  1
242  221  -1
59  22  -1
337  207  1
185  37  -1
115  205  1
324  121  1
243  310  1
155  96  1
256  221  1
266  304  1
252  169  -1
287  184  -1
17  176  1
200  230  1
312  350  1
96  193  1
220  144  1
204  206  1
0  27  -1
232  116  1
233  205  1
226  114  1
153  30  1
199  59  -1
241  103  1
1  131  -1
272  288  1
304  289  1
114  153  -1
158  64  -1
152  254  -1
246  10  -1
36  99  1
216  36  -1
127  87  -1
141  9  -1
281  5  -1
112  84  -1
36  312  1
132  266  -1
64  133  1
35  326  -1
60  339  1
253  163  1
142  60  -1
216  283  -1
303  112  -1
294  339  1
211  148  -1
14  338  1
235  144  -1
336  155  1
150  98  1
228  175  -1
48  9  -1
90  101  1
131  125  1
65  180  1
113  319  1
332  244  -1
17  198  1
177  321  1
310  109  1
298  170  -1
257  312  1
147  131  1
106  132  1
275  256  1
219  152  -1
80  256  1
150  159  -1
7  270  -1
284  72  1
100  35  1
29  81  1
269  47  -1
268  84  1
17  227  -1
193  315  1
36  88  1
266  183  1
208  21  1
304  132  -1
266  173  1
284  346  1
78  83  -1
154  74  -1
3  76  -1
136  92  -1
111  165  1
162  18  -1
212  80  -1
102  218  1
307  295  1
172  332  -1
33  87  1
164  241  -1
97  118  -1
12  280  1
296  7  -1
347  29  -1
150  71  1
21  215  -1
207  113  1
315  10  1
275  334  1
223  344  1
85  79  1
301  30  1
251  282  1
52  327  1
85  282  -1
73  192  1
294  85  -1
110  229  -1
81  106  1
247  231  1
166  268  -1
95  22  -1
19  60  -1
22  283  1
43  234  1
277  117  1
313  216  -1
136  203  -1
136  188  1
179  221  1
109  253  1
51  41  1
338  150  -1
270  69  -1
257  166  -1
289  72  1
72  23  -1
84  91  -1
72  106  -1
13  104  1
329  290  1
221  291  1
144  7  1
143  280  1
184  312  -1
140  293  -1
214  191  -1
324  190  -1
342  243  1
248  237  -1
48  187  1
298  120  -1
199  20  1
201  271  1
126  214  1
24  93  -1
142  245  -1
34  286  1
241  166  -1
215  75  -1
116  4  -1
6  330  1
185  319  1
159  165  1
212  56  -1
40  249  1
232  338  -1
18  80  1
8  208  -1
340  123  1
60  13  -1
217  202  -1
248  240  1
126  127  -1
44  342  1
202  161  -1
335  198  -1
129  158  -1
155  288  1
312  5  -1
334  1  -1
254  215  1
329  262  1
285  326  1
119  274  1
87  180  1
277  304  1
20  174  -1
182  147  -1
301  227  1
127  142  -1
26  100  -1
329  155  1
248  133  -1
93  209  -1
139  65  -1
200  31  1
269  167  1
293  203  1
142  51  1
116  229  -1
220  42  -1
172  240  1
205  3  -1
25  144  1
219  141  1
275  245  1
242  50  -1
128  25  1
132  326  -1
153  197  1
164  184  1
115  331  1
116  308  -1
111  167  1
62  341  1
36  104  -1
151  265  1
298  143  1
291  80  1
12  70  1
5  246  1
301  236  -1
285  78  1
250  66  -1
54  52  1
252  218  1
226  6  -1
188  342  -1
314  299  1
158  14  -1
278  183  1
118  78  -1
97  54  1
211  26  1
134  223  -1
97  128  -1
107  36  1
14  42  1
115  264  1
108  158  1
306  350  1
14  181  1
5  202  1
161  308  1
140  308  -1
322  67  -1
140  78  -1
135  226  -1
121  346  1
242  244  1
207  328  1
22  314  1
13  25  1
5  117  -1
278  103  1
264  222  -1
91  268  -1
41  85  1
119  202  -1
42  248  -1
148  2  -1
305  277  1
69  89  1
153  179  1
73  33  1
72  280  1
10  83  -1
232  12  -1
97  227  1
119  25  -1
319  32  1
236  59  1
300  278  1
144  58  -1
129  175  1
306  278  1
166  249  -1
193  224  -1
338  335  1
52  49  -1
17  124  1
318  16  1
197  200  -1
18  294  1
65  137  -1
308  22  1
169  194  -1
81  108  1
121  214  -1
166  239  -1
27  110  1
155  182  -1
349  44  1
336  333  1
96  24  1
340  209  1
342  5  -1
44  180  -1
23  339  -1
245  149  1
296  256  1
319  128  -1
337  65  -1
249  189  1
220  138  1
205  319  1
282  25  -1
317  280  1
69  303  -1
252  165  -1
316  241  1
13  307  -1
246  57  1
126  259  -1
34  9  -1
57  320  -1
266  14  1
97  252  -1
79  347  -1
80  288  1
123  285  1
257  54  1
311  223  1
324  18  1
164  225  -1
173  129  1
115  186  -1
86  350  1
232  201  -1
247  256  1
210  294  -1
225  125  1
308  322  1
27  26  -1
307  96  1
314  68  1
19  220  1
112  319  -1
82  85  -1
338  246  -1
299  160  -1
25  52  -1
335  100  -1
40  205  1
301  288  1
110  160  1
220  335  -1
286  166  -1
307  302  1
181  252  -1
47  145  -1
321  55  -1
3  71  1
24  85  -1
156  0  -1
321  93  -1
160  346  -1
145  144  -1
84  185  1
338  34  1
111  98  -1
183  331  1
82  118  -1
136  27  1
58  317  1
280  94  1
100  239  -1
150  93  1
310  174  -1
178  104  1
174  148  1
197  323  1
132  331  -1
105  216  -1
165  92  1
239  266  1
190  72  -1
235  262  1
190  20  -1
289  249  1
327  207  1
343  76  1
84  131  1
169  43  -1
294  337  1
136  117  -1
123  333  1
78  256  1
302  183  1
110  117  -1
265  350  1
21  104  1
71  256  -1
4  250  -1
266  294  1
137  242  -1
139  119  1
307  224  -1
250  126  1
267  194  -1
112  53  1
300  224  -1
24  28  1
129  327  1
200  229  -1
82  114  -1
228  92  -1
208  288  -1
337  212  -1
187  252  -1
144  314  -1
132  284  -1
82  89  -1
157  332  1
204  62  -1
164  305  -1
104  114  1
178  118  1
131  297  1
83  331  -1
175  165  1
84  41  -1
246  281  -1
329  232  -1
131  154  -1
123  276  1
117  255  1
198  199  -1
333  4  1
170  175  -1
66  323  1
129  160  -1
86  308  1
278  206  -1
243  10  1
176  67  1
164  260  -1
97  59  -1
190  75  1
291  310  1
218  52  -1
235  325  1
297  82  1
162  279  -1
75  332  -1
93  142  1
305  222  -1
291  29  -1
168  218  1
236  60  -1
228  61  1
116  41  1
310  213  1
89  138  1
277  18  1
97  145  1
71  322  -1
119  17  -1
53  281  -1
285  129  1
252  27  1
260  195  1
250  200  1
224  56  -1
56  98  -1
117  284  1
148  233  -1
314  107  1
96  41  -1
234  22  -1
59  332  -1
156  130  1
303  275  1
136  345  -1
195  71  -1
112  96  -1
87  21  1
280  326  1
210  142  1
32  266  1
241  149  1
188  27  1
31  140  1
124  116  1
181  7  -1
139  241  1
339  284  1
9  280  -1
209  135  1
264  42  1
206  25  1
127  282  1
36  56  1
258  246  -1
198  290  -1
151  77  -1
77  328  -1
105  97  1
118  218  1
