78  297  1
305  176  -1
129  271  1
334  133  1
218  165  -1
62  105  1
119  256  1
323  283  1
94  82  1
266  132  -1
186  156  1
13  91  1
158  292  -1
118  329  -1
234  65  1
13  312  -1
0  307  1
127  129  1
227  110  -1
252  84  -1
264  314  1
178  21  1
219  151  1
305  302  1
222  209  -1
83  46  -1
14  96  1
138  162  1
26  245  1
140  260  -1
310  142  -1
211  310  1
99  338  1
89  315  -1
86  330  1
37  339  -1
293  216  -1
9  161  -1
5  303  -1
102  227  -1
151  185  1
273  154  -1
282  49  -1
316  308  1
295  95  -1
207  254  1
226  67  1
203  314  1
43  281  -1
268  118  -1
260  305  1
106  202  1
170  104  1
1  175  -1
57  103  -1
40  197  1
289  303  1
0  209  1
1  306  -1
155  285  1
39  11  1
178  265  -1
67  30  -1
229  110  -1
311  135  1
228  209  -1
89  323  -1
49  249  -1
77  50  -1
62  123  1
143  92  1
320  70  1
44  309  1
268  34  1
264  72  1
320  303  1
84  147  1
207  140  -1
166  85  1
251  115  1
209  117  1
324  298  1
79  22  -1
185  156  -1
61  237  -1
268  193  1
329  237  1
263  22  1
195  180  -1
56  98  -1
253  25  -1
50  326  1
161  246  -1
115  327  1
320  4  1
91  178  1
111  64  1
115  190  -1
75  300  -1
335  137  1
186  252  1
330  164  -1
127  232  -1
175  311  1
61  232  1
58  303  1
246  98  1
267  57  -1
344  21  -1
33  314  -1
25  114  1
141  125  1
167  256  1
315  243  1
195  288  1
18  30  1
189  348  1
184  316  -1
229  8  1
277  280  1
229  324  1
221  125  1
71  127  -1
171  65  -1
148  193  -1
17  162  1
307  147  1
288  113  1
53  241  -1
5  237  -1
179  23  -1
256  6  1
9  89  1
312  228  -1
87  227  -1
157  305  1
200  16  -1
68  272  1
143  239  1
326  291  1
71  332  -1
92  16  1
128  29  1
129  170  -1
259  134  -1
56  87  -1
146  313  -1
94  156  -1
40  44  1
33  116  1
271  179  1
71  120  1
184  139  -1
30  328  1
17  345  -1
257  88  1
326  338  1
104  93  1
16  234  -1
263  276  1
6  309  1
1  153  -1
271  84  1
298  300  1
128  320  -1
66  37  -1
137  158  -1
321  276  1
177  287  1
293  161  1
183  19  -1
125  170  -1
124  218  1
176  347  -1
120  90  -1
2  78  1
80  144  -1
338  165  1
80  287  1
282  49  -1
2  320  1
186  128  1
116  146  1
54  282  1
82  336  1
92  254  1
5  218  1
63  118  1
85  239  -1
114  194  1
329  105  1
272  47  -1
239  259  1
212  319  -1
196  133  -1
7  187  -1
91  182  1
316  196  -1
328  19  -1
127  49  -1
344  209  1
303  338  1
76  15  -1
94  150  -1
243  197  1
345  210  -1
303  255  1
258  180  -1
164  108  1
148  9  1
241  155  1
196  321  -1
327  150  -1
155  304  1
158  283  -1
2  152  -1
130  295  -1
128  195  -1
299  223  1
334  192  -1
58  317  1
40  10  1
222  298  -1
179  35  -1
56  328  1
33  286  -1
121  218  -1
246  97  -1
18  50  1
40  176  -1
322  31  -1
317  101  1
315  95  -1
285  264  1
307  269  1
94  14  1
235  134  -1
14  106  -1
71  193  -1
141  127  1
159  163  1
51  270  -1
31  297  -1
5  38  -1
337  45  -1
214  308  -1
66  170  -1
48  30  1
265  333  1
294  210  -1
