78  297  1
305  176  -1
129  271  1
334  133  1
218  165  -1
62  105  1
119  256  1
323  283  1
94  82  1
266  132  -1
186  156  1
13  91  1
158  292  -1
118  329  -1
234  65  1
13  312  -1
0  307  1
127  129  1
227  110  -1
252  84  -1
264  314  1
178  21  1
219  151  1
305  302  1
222  209  -1
83  46  -1
14  96  1
138  162  1
26  245  1
140  260  -1
310  142  -1
211  310  1
99  338  1
89  315  -1
86  330  1
37  339  -1
293  216  -1
9  161  -1
5  303  -1
102  227  -1
151  185  1
273  154  -1
282  49  -1
316  308  1
295  95  -1
207  254  1
226  67  1
203  314  1
43  281  -1
268  118  -1
260  305  1
106  202  1
170  104  1
1  175  -1
57  103  -1
40  197  1
289  303  1
0  209  1
1  306  -1
155  285  1
39  11  1
178  265  -1
67  30  -1
229  110  -1
311  135  1
228  209  -1
89  323  -1
49  249  -1
77  50  -1
62  123  1
143  92  1
320  70  1
44  309  1
268  34  1
264  72  1
320  303  1
84  147  1
207  140  -1
166  85  1
251  115  1
209  117  1
324  298  1
79  22  -1
185  156  -1
61  237  -1
268  193  1
329  237  1
263  22  1
195  180  -1
56  98  -1
253  25  -1
50  326  1
161  246  -1
115  327  1
320  4  1
91  178  1
111  64  1
115  190  -1
75  300  -1
335  137  1
