98  122  -1
127  126  1
23  107  -1
0  84  -1
3  134  -1
71  70  1
83  15  -1
87  76  1
53  14  -1
73  96  1
51  133  -1
140  74  -1
144  142  1
115  52  -1
13  82  -1
88  111  -1
55  117  -1
139  130  1
74  140  -1
65  129  -1
26  38  1
49  109  -1
53  39  -1
87  107  -1
53  10  -1
105  6  -1
45  95  -1
132  40  -1
140  0  -1
92  3  -1
82  114  -1
137  49  -1
5  20  1
26  47  1
137  5  -1
73  25  -1
107  85  -1
78  146  -1
22  87  -1
101  33  -1
94  9  -1
130  40  -1
142  20  -1
82  142  -1
15  137  -1
74  97  1
3  114  -1
49  8  1
36  75  -1
56  23  -1
132  129  1
48  89  -1
116  28  -1
137  139  1
18  140  -1
74  112  -1
0  54  -1
54  44  -1
127  136  1
36  142  -1
25  12  1
141  28  -1
28  40  1
37  64  -1
17  145  -1
87  0  -1
124  37  -1
141  143  1
118  31  -1
132  136  1
21  108  -1
98  73  1
64  55  1
117  93  -1
41  3  1
137  119  1
68  129  -1
147  96  -1
71  86  1
63  89  1
81  52  1
141  108  1
90  132  -1
101  110  1
13  135  -1
96  87  1
145  96  -1
10  59  -1
1  128  -1
3  95  -1
33  42  1
64  3  -1
21  113  -1
100  145  1
50  65  1
136  131  1
117  127  1
89  109  -1
11  92  -1
69  25  -1
77  67  1
14  72  -1
66  24  -1
34  119  -1
54  89  1
116  88  -1
131  30  -1
91  55  1
46  93  -1
50  96  1
60  36  -1
129  28  -1
65  121  -1
39  76  -1
63  11  -1
3  43  1
130  17  -1
17  46  1
94  103  -1
68  148  -1
42  34  1
138  76  -1
117  132  1
131  13  -1
75  83  1
11  38  1
21  140  -1
66  138  -1
13  7  1
64  129  -1
18  120  -1
22  149  -1
39  91  -1
97  133  -1
45  15  1
34  139  -1
50  22  -1
65  17  -1
4  98  -1
82  132  -1
83  93  1
20  6  1
135  138  1
144  149  1
145  59  -1
128  66  -1
81  52  1
65  120  -1
45  12  1
6  90  -1
80  40  -1
80  130  -1
114  47  -1
49  21  1
48  131  -1
3  131  -1
126  75  -1
138  111  1
115  132  1
12  110  -1
93  42  -1
26  24  1
94  143  -1
47  42  1
58  53  1
132  138  1
145  114  1
20  109  -1
12  69  -1
130  112  1
102  35  -1
93  78  1
110  133  1
91  127  -1
116  104  1
88  111  -1
146  16  -1
38  143  -1
62  85  1
35  120  -1
40  69  -1
10  35  1
34  30  1
144  98  -1
1  27  1
60  103  -1
62  55  1
83  75  1
39  24  1
52  57  1
128  42  -1
18  27  1
111  56  -1
72  23  -1
43  107  -1
143  83  -1
26  55  -1
20  112  -1
85  15  -1
60  86  1
94  22  -1
39  6  1
78  122  -1
133  117  1
48  36  1
24  79  -1
78  94  1
106  91  -1
53  28  -1
114  96  -1
37  9  1
82  115  -1
64  102  -1
130  149  1
19  40  1
137  113  1
115  78  -1
22  43  1
102  5  -1
62  1  -1
41  86  -1
80  22  -1
82  88  1
113  135  1
18  130  -1
82  55  1
139  14  -1
72  106  -1
18  52  -1
105  38  -1
145  1  -1
110  73  -1
23  3  1
26  29  1
117  27  -1
122  53  -1
9  46  1
37  97  -1
62  23  -1
115  42  -1
7  72  -1
83  73  1
144  39  -1
91  47  -1
47  129  -1
42  33  1
2  115  -1
108  57  -1
141  39  -1
24  70  -1
