55  6  -1
100  97  -1
75  140  -1
48  104  -1
127  0  -1
97  10  -1
13  81  -1
146  58  -1
79  45  -1
143  113  1
31  112  -1
51  56  1
34  40  1
129  90  -1
144  42  -1
31  50  -1
48  131  -1
49  123  -1
23  97  -1
129  52  -1
149  129  1
63  64  1
60  59  1
24  42  1
6  17  1
5  37  1
32  108  -1
93  118  -1
148  125  1
110  44  -1
17  141  -1
146  117  1
122  45  -1
91  145  -1
44  122  -1
48  43  1
3  13  1
10  64  -1
124  34  -1
106  130  1
52  13  -1
70  136  -1
23  65  -1
104  21  -1
92  65  1
117  11  -1
56  114  -1
129  81  -1
9  122  -1
128  106  1
94  78  1
149  0  -1
143  9  -1
116  117  1
96  72  1
98  50  1
137  70  -1
36  10  1
135  140  1
83  130  -1
107  50  -1
141  66  -1
14  120  -1
49  76  -1
92  27  -1
32  89  -1
8  83  -1
89  1  -1
145  55  -1
119  91  -1
29  119  -1
141  68  -1
91  79  1
78  128  -1
121  63  -1
108  79  -1
113  100  1
47  30  1
122  96  -1
106  65  -1
25  40  1
56  85  1
25  145  -1
87  20  -1
102  108  1
111  33  -1
129  4  -1
101  70  -1
83  81  1
100  55  -1
144  59  -1
36  9  1
61  83  1
39  33  1
29  47  1
98  106  -1
87  56  1
42  113  -1
103  31  -1
35  55  -1
