98  122  -1
127  126  1
23  107  -1
0  84  -1
3  134  -1
71  70  1
83  15  -1
87  76  1
53  14  -1
73  96  1
51  133  -1
140  74  -1
144  142  1
115  52  -1
13  82  -1
88  111  -1
55  117  -1
139  130  1
74  140  -1
65  129  -1
26  38  1
49  109  -1
53  39  -1
87  107  -1
53  10  -1
105  6  -1
45  95  -1
132  40  -1
140  0  -1
92  3  -1
82  114  -1
137  49  -1
5  20  1
26  47  1
137  5  -1
73  25  -1
107  85  -1
78  146  -1
22  87  -1
101  33  -1
94  9  -1
130  40  -1
142  20  -1
82  142  -1
15  137  -1
74  97  1
3  114  -1
49  8  1
36  75  -1
56  23  -1
132  129  1
48  89  -1
116  28  -1
137  139  1
18  140  -1
74  112  -1
0  54  -1
54  44  -1
127  136  1
36  142  -1
25  12  1
141  28  -1
28  40  1
37  64  -1
17  145  -1
87  0  -1
124  37  -1
141  143  1
118  31  -1
132  136  1
21  108  -1
98  73  1
64  55  1
117  93  -1
41  3  1
137  119  1
68  129  -1
147  96  -1
71  86  1
63  89  1
81  52  1
141  108  1
90  132  -1
101  110  1
13  135  -1
96  87  1
145  96  -1
10  59  -1
1  128  -1
3  95  -1
33  42  1
64  3  -1
21  113  -1
100  145  1
50  65  1
136  131  1
117  127  1
89  109  -1
11  92  -1
69  25  -1
77  67  1
14  72  -1
66  24  -1
34  119  -1
54  89  1
116  88  -1
131  30  -1
91  55  1
46  93  -1
50  96  1
60  36  -1
129  28  -1
65  121  -1
39  76  -1
63  11  -1
3  43  1
130  17  -1
17  46  1
94  103  -1
68  148  -1
42  34  1
138  76  -1
117  132  1
131  13  -1
75  83  1
11  38  1
21  140  -1
66  138  -1
13  7  1
64  129  -1
18  120  -1
22  149  -1
39  91  -1
97  133  -1
45  15  1
34  139  -1
50  22  -1
65  17  -1
4  98  -1
82  132  -1
83  93  1
20  6  1
135  138  1
144  149  1
145  59  -1
128  66  -1
81  52  1
65  120  -1
45  12  1
6  90  -1
80  40  -1
80  130  -1
114  47  -1
49  21  1
48  131  -1
3  131  -1
126  75  -1
138  111  1
115  132  1
12  110  -1
93  42  -1
26  24  1
94  143  -1
47  42  1
58  53  1
132  138  1
145  114  1
20  109  -1
12  69  -1
130  112  1
102  35  -1
93  78  1
110  133  1
91  127  -1
116  104  1
88  111  -1
146  16  -1
38  143  -1
62  85  1
35  120  -1
40  69  -1
10  35  1
34  30  1
144  98  -1
1  27  1
60  103  -1
62  55  1
83  75  1
39  24  1
52  57  1
128  42  -1
18  27  1
111  56  -1
72  23  -1
43  107  -1
143  83  -1
26  55  -1
20  112  -1
85  15  -1
60  86  1
94  22  -1
39  6  1
78  122  -1
133  117  1
48  36  1
24  79  -1
78  94  1
106  91  -1
53  28  -1
114  96  -1
37  9  1
82  115  -1
64  102  -1
130  149  1
19  40  1
137  113  1
115  78  -1
22  43  1
102  5  -1
62  1  -1
41  86  -1
80  22  -1
82  88  1
113  135  1
18  130  -1
82  55  1
139  14  -1
72  106  -1
18  52  -1
105  38  -1
145  1  -1
110  73  -1
23  3  1
26  29  1
117  27  -1
122  53  -1
9  46  1
37  97  -1
62  23  -1
115  42  -1
7  72  -1
83  73  1
144  39  -1
91  47  -1
47  129  -1
42  33  1
2  115  -1
108  57  -1
141  39  -1
24  70  -1
64  129  -1
79  110  -1
16  26  1
22  39  1
43  116  -1
46  115  -1
50  119  -1
110  89  -1
113  7  -1
136  92  -1
101  80  -1
27  103  -1
46  136  -1
62  89  1
25  86  -1
10  141  -1
117  141  1
102  133  1
70  26  -1
75  113  -1
143  23  -1
131  43  -1
45  91  -1
34  8  1
0  21  1
2  3  1
101  30  -1
8  49  1
68  70  1
139  145  1
58  51  1
137  25  -1
42  89  -1
60  112  -1
115  135  1
128  10  -1
61  109  -1
53  106  -1
102  88  -1
114  4  -1
11  18  1
7  14  1
48  15  1
64  18  -1
85  105  -1
14  45  1
6  1  1
70  100  -1
142  32  -1
115  107  1
18  145  -1
20  131  -1
104  73  -1
87  108  -1
63  103  -1
112  126  1
23  119  -1
141  72  -1
36  107  -1
90  121  -1
114  6  -1
68  22  -1
7  138  -1
122  149  1
72  139  -1
9  90  -1
134  29  -1
123  140  1
4  60  -1
98  120  -1
65  60  1
96  89  1
81  87  1
63  117  -1
96  55  1
140  60  -1
62  58  1
82  121  -1
98  107  -1
23  21  1
96  84  1
13  81  -1
15  39  1
71  19  -1
1  72  -1
41  67  -1
34  138  -1
58  116  -1
127  23  -1
135  74  -1
78  28  -1
134  42  -1
138  119  1
14  139  -1
76  89  1
10  74  -1
23  75  -1
57  38  -1
114  31  -1
109  116  1
103  1  -1
85  137  -1
41  45  1
103  18  -1
68  141  -1
92  146  -1
19  129  -1
91  7  -1
98  105  -1
146  76  -1
96  58  1
0  119  -1
36  58  -1
59  52  1
89  70  1
70  42  -1
123  5  -1
81  14  -1
50  35  -1
33  118  -1
78  125  -1
17  149  -1
104  108  1
58  104  -1
115  107  1
30  61  -1
15  83  -1
82  103  -1
141  6  -1
132  61  -1
76  35  -1
134  7  -1
101  86  -1
42  134  -1
55  22  -1
12  124  -1
21  18  1
82  80  1
123  99  -1
37  55  -1
10  104  -1
138  144  1
58  31  -1
135  116  1
13  98  -1
94  89  1
35  78  -1
97  137  -1
67  41  -1
23  24  1
64  35  -1
148  137  1
54  132  -1
67  79  1
81  104  -1
134  143  1
111  25  -1
137  71  -1
56  24  -1
37  70  -1
24  33  1
61  112  -1
14  8  1
1  81  -1
50  24  -1
105  16  -1
112  103  1
3  68  -1
137  71  -1
147  120  1
77  33  -1
15  90  -1
58  2  -1
11  115  -1
78  48  -1
87  4  -1
82  148  -1
116  96  -1
59  117  -1
79  109  -1
44  34  1
27  6  1
39  30  1
74  26  -1
3  123  -1
146  133  1
6  11  1
73  117  -1
65  85  1
134  45  -1
35  71  -1
49  19  1
121  68  -1
17  30  1
35  96  -1
41  131  -1
130  68  -1
137  19  -1
1  113  -1
97  4  -1
86  145  -1
137  93  -1
58  113  -1
60  123  -1
48  44  1
70  135  -1
17  22  1
5  40  1
90  22  -1
71  27  -1
119  14  -1
9  99  -1
83  48  -1
21  84  -1
12  118  -1
140  98  -1
16  128  -1
93  74  1
91  55  1
100  41  -1
99  20  -1
26  18  1
94  83  1
59  34  -1
106  32  -1
114  75  -1
46  25  1
76  31  -1
73  149  -1
115  137  1
20  106  -1
86  36  -1
136  81  -1
110  129  1
137  112  1
72  138  -1
133  98  -1
7  129  -1
84  118  -1
66  40  -1
52  30  -1
17  98  -1
107  145  1
32  82  -1
145  49  -1
70  67  1
57  58  1
5  43  1
139  17  -1
74  126  -1
130  146  1
115  15  -1
147  24  -1
144  81  -1
44  60  -1
121  96  -1
142  40  -1
96  99  1
35  128  -1
32  82  -1
28  4  1
149  85  -1
62  4  -1
31  103  -1
22  105  -1
132  2  -1
102  97  -1
69  1  -1
23  63  -1
134  67  -1
26  7  1
13  18  1
47  109  -1
20  134  -1
88  104  -1
67  18  -1
10  118  -1
103  72  -1
123  134  1
77  47  -1
90  59  1
101  94  -1
58  20  -1
147  133  1
135  131  1
50  11  -1
138  115  1
82  87  1
75  102  -1
71  65  1
108  138  1
135  118  1
107  88  -1
92  132  -1
125  19  -1
29  117  -1
131  32  -1
113  39  -1
104  110  1
23  89  -1
143  125  1
101  33  -1
91  33  -1
120  68  -1
37  41  1
35  145  -1
82  20  -1
15  91  -1
10  107  -1
73  135  -1
126  4  -1
102  9  -1
88  117  -1
49  42  1
77  124  -1
131  122  1
1  82  -1
5  92  -1
17  125  -1
10  106  -1
69  97  1
3  53  -1
117  18  -1
144  30  -1
125  119  1
15  4  1
123  20  -1
13  61  -1
137  114  1
5  117  -1
88  136  -1
89  142  -1
121  95  -1
84  40  -1
122  147  1
147  93  -1
94  0  -1
146  114  1
19  140  -1
144  46  -1
11  61  -1
50  134  -1
81  116  -1
97  69  1
80  102  -1
36  71  -1
141  27  -1
63  112  -1
122  147  1
2  147  -1
46  51  -1
90  43  -1
52  139  -1
7  123  -1
31  53  -1
19  43  1
114  122  1
79  98  1
88  79  1
69  18  -1
83  105  -1
141  74  -1
34  54  -1
88  59  1
104  91  -1
56  0  -1
44  48  1
43  96  -1
37  102  -1
121  69  -1
57  43  -1
112  22  -1
15  41  1
22  5  1
22  91  -1
75  106  -1
98  67  1
30  132  -1
121  119  1
41  127  -1
112  149  1
128  6  -1
48  73  -1
5  85  -1
78  126  -1
56  135  -1
71  18  -1
59  138  -1
112  81  -1
143  134  1
22  121  -1
142  120  1
38  23  1
5  61  -1
44  46  1
39  6  1
46  69  -1
64  94  1
142  69  -1
81  70  1
98  138  -1
108  71  -1
58  17  -1
60  72  1
99  105  -1
109  23  -1
76  101  -1
46  16  1
26  51  -1
78  70  1
97  19  -1
128  45  -1
88  43  -1
41  132  -1
14  123  -1
53  14  -1
13  63  -1
86  123  -1
80  146  -1
46  81  -1
3  57  -1
105  80  -1
60  53  1
96  87  1
104  76  -1
59  103  -1
95  38  -1
149  85  -1
133  92  -1
68  147  -1
65  23  -1
12  130  -1
86  98  1
104  16  -1
146  52  -1
0  149  -1
11  7  1
79  71  1
60  78  1
8  14  1
56  68  1
19  54  -1
8  70  -1
139  141  1
13  109  -1
138  130  1
132  52  -1
111  68  -1
52  117  -1
137  48  -1
71  137  -1
48  82  -1
144  29  -1
3  106  -1
9  64  -1
22  118  -1
34  41  1
22  42  1
112  63  -1
33  125  -1
23  73  -1
105  57  -1
28  118  -1
28  80  -1
85  15  -1
129  58  -1
54  79  1
140  100  1
108  46  -1
56  20  -1
110  78  -1
138  144  1
21  10  1
88  133  -1
125  23  -1
10  50  -1
96  116  -1
10  124  -1
136  38  -1
107  124  1
105  86  -1
32  61  -1
67  23  -1
11  77  -1
69  119  -1
97  81  1
99  85  1
75  22  -1
147  65  -1
6  123  -1
88  16  -1
75  34  -1
34  85  -1
61  21  -1
25  70  -1
47  130  -1
58  79  1
41  125  -1
4  104  -1
52  73  1
